 No,       Img X,       Img Y, RA cat (deg), Dec cat (deg),    Mag, -2.5*LSP,    Cat X,   Cat Y, RA img (deg), Dec img (deg), Err amin,  Err px, Direction
  1,  806.518281, 1693.108066,   206.885000,    +49.313333,  +1.86,    -8.04,   806.89, 1693.35,   206.904688,    +49.286330,     1.79,    0.45,     +32.5
  2,  856.699238, 1784.671518,   200.981250,    +54.925278,  +2.27,    -8.34,   856.71, 1785.05,   201.057984,    +54.921410,     2.66,    0.37,     +88.2
  3,  846.922951, 1853.786386,   193.507083,    +55.959722,  +1.77,    -8.34,   847.33, 1853.56,   193.481036,    +55.932685,     1.84,    0.47,     -28.4
  4,  933.299162, 2085.967763,   165.932083,    +61.750833,  +1.79,    -8.42,   933.01, 2086.32,   165.889846,    +61.720808,     2.16,    0.46,    +129.1
  5,  844.250374, 2113.599002,   165.460417,    +56.382500,  +2.37,    -7.50,   843.89, 2114.20,   165.420744,    +56.379063,     1.33,    0.70,    +120.7
  6,  785.358114, 1989.562688,   178.457500,    +53.694722,  +2.44,    -7.35,   785.09, 1990.23,   178.476877,    +53.686907,     0.83,    0.72,    +111.7
  7, 1692.401324,  944.904498,   297.695833,     +8.868333,  +0.77,    -9.17,  1692.56,  946.32,   297.665318,     +8.904669,     2.83,    1.43,     +83.7
  8, 2023.645245, 2123.344521,    30.975000,    +42.329722,  +2.26,    -8.11,  2023.98, 2123.48,    30.958538,    +42.319168,     0.97,    0.36,     +22.0
  9, 2126.709478, 1946.879662,    17.432917,    +35.620556,  +2.06,    -8.24,  2127.18, 1946.38,    17.392573,    +35.614408,     2.00,    0.68,     -47.0
 10, 1754.546815, 1869.018982,     2.294583,    +59.149722,  +2.27,    -7.75,  1753.90, 1868.11,     2.203909,    +59.164880,     2.93,    1.12,    -125.5
 11, 1802.278272, 1918.698350,    10.127083,    +56.537222,  +2.23,    -7.81,  1801.62, 1917.71,     9.995578,    +56.571764,     4.82,    1.19,    -123.5
 12, 1746.680163, 1954.964463,    14.177083,    +60.716667,  +2.47,    -7.76,  1746.04, 1953.85,    14.060746,    +60.752699,     4.04,    1.28,    -119.8
 13,  483.571557, 1273.032422,   213.915417,    +19.182500,  -0.04,    -9.34,   484.52, 1272.19,   213.923428,    +19.205430,     1.45,    1.27,     -41.4
 14,  826.878877, 1217.627770,   233.672083,    +26.714722,  +2.23,    -7.83,   826.82, 1217.93,   233.639359,    +26.704490,     1.86,    0.31,    +101.2
 15, 2051.200184, 1147.762614,   326.046667,     +9.875000,  +2.39,    -7.63,  2050.79, 1148.25,   326.032535,     +9.944493,     4.25,    0.64,    +130.2
 16, 1380.561535, 1285.800399,   279.234583,    +38.783611,  +0.03,    -9.35,  1380.41, 1285.18,   279.169680,    +38.676778,     7.09,    0.64,    -104.1
 17, 1622.598256, 1372.862771,   305.557083,    +40.256667,  +2.20,    -7.51,  1623.24, 1371.91,   305.574569,    +40.198483,     3.58,    1.14,     -56.1
 18, 1633.243025, 1449.001462,   310.357917,    +45.280278,  +1.25,    -8.59,  1634.34, 1448.92,   310.390340,    +45.215908,     4.10,    1.10,      -4.0
 19, 1713.868711, 1329.372186,   311.552917,    +33.970278,  +2.46,    -7.30,  1713.87, 1328.85,   311.579257,    +33.958355,     1.49,    0.52,     -89.7
 20, 1201.839088,  916.110555,   263.733750,    +12.560000,  +2.08,    -8.09,  1202.17,  916.66,   263.726813,    +12.580855,     1.32,    0.64,     +58.7
 21, 1236.296111,  791.147333,   265.868333,     +4.567222,  +2.77,    -7.10,  1235.73,  790.86,   265.887555,     +4.556976,     1.30,    0.64,    -153.0
 22, 2148.081761,  910.019467,   322.889583,     -5.571111,  +2.91,    -7.22,  2148.12,  910.51,   322.909040,     -5.579575,     1.27,    0.49,     +85.2
 23, 2218.531588, 1065.734357,   331.445833,     -0.319722,  +2.96,    -7.01,  2218.57, 1066.04,   331.477647,     -0.308769,     2.02,    0.31,     +82.6
 24,  736.027179,  879.765582,   236.067083,     +6.425556,  +2.65,    -6.17,   735.04,  878.49,   236.031225,     +6.414765,     2.23,    1.61,    -127.7
 25, 1319.857688,  549.163875,   269.756667,     -9.773611,  +3.34,    -5.91,  1320.03,  547.61,   269.712995,     -9.864869,     6.05,    1.57,     -83.6
 26, 1679.950464,  403.080495,   287.440833,    -21.023611,  +2.89,    -5.52,  1679.94,  403.11,   287.405789,    -21.001556,     2.37,    0.03,    +107.8
 27, 2368.794985, 2153.631179,    31.793333,    +23.462500,  +2.00,    -7.47,  2368.22, 2152.74,    31.784954,    +23.480869,     1.19,    1.06,    -122.5
 28, 2418.296840, 2093.047706,    28.660000,    +20.808056,  +2.64,    -5.69,  2417.08, 2091.94,    28.657558,    +20.813559,     0.36,    1.64,    -137.7
 29, 1637.983828, 2615.424784,    79.172500,    +45.998056,  +0.08,    -9.41,  1637.71, 2615.68,    79.173375,    +45.987798,     0.62,    0.37,    +136.6
 30, 1502.257143, 2700.414286,    89.882083,    +44.947500,  +1.90,    -6.73,  1503.15, 2698.08,    89.802785,    +45.060534,     7.57,    2.50,     -69.0
 31,  563.970501, 1744.430678,   194.007083,    +38.318333,  +2.90,    -6.33,   563.90, 1744.45,   194.071660,    +38.348586,     3.54,    0.07,    +166.4
 32, 1998.730438, 2335.477464,    47.042083,    +40.955556,  +2.12,    -7.70,  1999.45, 2336.60,    47.093804,    +40.941512,     2.49,    1.33,     +57.3
 33, 1833.994048, 2311.091265,    51.080833,    +49.861111,  +1.79,    -6.76,  1833.14, 2312.21,    51.111073,    +49.792196,     4.30,    1.41,    +127.1
 34, 1836.090062, 2378.149068,    55.731250,    +47.787500,  +3.01,    -6.27,  1836.56, 2379.09,    55.868444,    +47.748413,     6.01,    1.06,     +63.4
 35, 1801.940120, 2236.095808,    46.199167,    +53.506389,  +2.93,    -6.75,  1801.47, 2236.43,    46.237287,    +53.491680,     1.62,    0.58,    +144.3
 36, 1164.797251, 1815.063935,   222.676250,    +74.155556,  +2.08,    -8.10,  1165.60, 1814.51,   222.726367,    +74.141004,     1.20,    0.98,     -34.7
 37, 1162.980769, 1771.291667,   230.182083,    +71.833889,  +3.05,    -6.99,  1163.45, 1770.70,   230.244887,    +71.845140,     1.35,    0.76,     -51.4
 38, 1333.574807, 1714.644310,   275.264167,    +72.732778,  +3.57,    -5.97,  1332.87, 1715.22,   275.394171,    +72.754899,     2.67,    0.91,    +141.0
 39, 1947.320729,  624.023884,   305.252917,    -14.781389,  +3.08,    -6.17,  1947.35,  624.61,   305.226059,    -14.850079,     4.41,    0.59,     +86.8
 40, 1919.758706,  658.726837,   304.513750,    -12.544722,  +3.57,    -6.61,  1919.65,  657.92,   304.534942,    -12.568187,     1.88,    0.81,     -97.4
 41, 1817.918534,  833.901761,   302.826250,     -0.821389,  +3.23,    -6.55,  1817.97,  833.93,   302.837461,     -0.785299,     2.27,    0.06,     +32.5
 42, 1629.123454,  833.782139,   291.374583,     +3.114722,  +3.36,    -5.35,  1629.69,  834.35,   291.347054,     +3.150323,     2.70,    0.80,     +44.8
 43, 1519.345383,  970.069343,   286.352500,    +13.863333,  +2.99,    -7.19,  1519.38,  971.21,   286.358888,    +13.896719,     2.04,    1.14,     +88.2
 44, 1098.780456,  406.775166,   257.594583,    -15.724722,  +2.43,    -6.44,  1099.64,  408.45,   257.659209,    -15.709300,     3.85,    1.88,     +62.7
 45, 1105.635742, 2348.940005,   127.566250,    +60.718056,  +3.36,    -5.92,  1105.31, 2350.17,   127.508367,    +60.630688,     5.51,    1.28,    +104.9
 46,  755.523026, 1484.947368,   218.019583,    +38.308333,  +3.03,    -6.21,   755.42, 1485.11,   218.009096,    +38.294013,     0.99,    0.19,    +122.7
 47,  846.797688, 1452.612717,   225.486667,    +40.390556,  +3.50,    -5.60,   847.02, 1452.69,   225.504341,    +40.410007,     1.42,    0.23,     +20.7
 48, 1754.068479, 2007.124507,    21.454167,    +60.235278,  +2.68,    -7.63,  1753.26, 2005.72,    21.389137,    +60.265977,     2.67,    1.62,    -120.0
 49, 1698.447676, 2049.623010,    28.598750,    +63.670000,  +3.38,    -6.01,  1697.54, 2048.25,    28.554416,    +63.692290,     1.78,    1.64,    -123.4
 50, 2163.776455, 1720.108921,     2.097083,    +29.090556,  +2.06,    -8.11,  2163.62, 1719.53,     2.042224,    +29.085804,     2.89,    0.60,    -105.5
 51, 2378.549679, 1634.993590,     3.309167,    +15.183611,  +2.83,    -6.99,  2379.40, 1634.90,     3.332574,    +15.137891,     3.06,    0.85,      -6.2
 52, 1400.568298,  684.322035,   275.327500,     -2.898889,  +3.26,    -6.05,  1400.31,  683.13,   275.334468,     -2.925350,     1.64,    1.22,    -102.4
 53, 1589.284946,  689.311828,   286.562083,     -4.882500,  +3.44,    -5.67,  1589.15,  688.25,   286.582984,     -4.898107,     1.56,    1.07,     -97.1
 54, 1324.029851,  875.992537,   271.837500,     +9.563889,  +3.73,    -5.32,  1323.76,  876.16,   271.877726,     +9.613049,     3.79,    0.32,    +148.5
 55, 1254.866967,  762.444831,   266.973333,     +2.707222,  +3.75,    -5.95,  1254.70,  761.29,   266.965315,     +2.729179,     1.40,    1.17,     -98.0
 56, 1055.730983,  873.201762,   254.417083,     +9.375000,  +3.20,    -6.18,  1055.38,  872.62,   254.391272,     +9.387441,     1.70,    0.68,    -121.1
 57, 1128.638920,  946.912719,   258.662083,    +14.390278,  +3.48,    -7.31,  1128.45,  947.25,   258.682389,    +14.420136,     2.15,    0.39,    +119.3
 58,  986.100222, 1077.383042,   247.555000,    +21.489722,  +2.77,    -7.16,   986.22, 1077.90,   247.550527,    +21.505739,     0.99,    0.53,     +76.7
 59, 2166.193172, 1161.440296,   332.550000,     +6.197778,  +3.53,    -5.76,  2166.26, 1162.27,   332.528606,     +6.214441,     1.62,    0.83,     +85.2
 60, 1570.904612, 1667.879455,   319.645000,    +62.585556,  +2.44,    -7.45,  1571.59, 1669.11,   319.781473,    +62.623159,     4.39,    1.40,     +61.0
 61, 1631.936233, 1656.106279,   325.876667,    +58.780000,  +4.08,    -6.29,  1632.48, 1657.39,   325.980055,    +58.763155,     3.37,    1.40,     +67.0
 62, 1535.841840, 1632.316319,   311.322500,    +61.838889,  +3.43,    -6.27,  1536.54, 1633.71,   311.440451,    +61.896027,     4.78,    1.56,     +63.3
 63, 1394.557367, 1655.324343,   288.138750,    +67.661667,  +3.07,    -6.80,  1394.12, 1656.13,   288.156759,    +67.732139,     4.25,    0.92,    +118.8
 64, 2148.905085, 2155.372881,    32.385833,    +34.987222,  +3.00,    -6.17,  2149.94, 2155.31,    32.429708,    +34.961026,     2.67,    1.04,      -3.5
 65, 1549.656101, 1177.435816,   292.680417,    +27.959722,  +3.08,    -7.00,  1549.74, 1177.03,   292.661950,    +27.954309,     1.03,    0.41,     -77.7
 66, 1449.146535, 1216.905524,   284.735833,    +32.689444,  +3.24,    -6.79,  1448.70, 1216.06,   284.748975,    +32.643075,     2.86,    0.96,    -118.1
 67, 1520.322674, 1397.763372,   296.243750,    +45.130833,  +2.87,    -6.87,  1520.30, 1396.30,   296.246807,    +45.043128,     5.26,    1.47,     -90.9
 68, 1286.903660, 1445.478540,   269.151667,    +51.488889,  +2.23,    -7.76,  1285.67, 1444.90,   269.140397,    +51.446212,     2.60,    1.37,    -154.9
 69, 1246.276922, 1134.325790,   266.614583,    +27.720556,  +3.42,    -6.22,  1246.71, 1135.12,   266.627627,    +27.707384,     1.05,    0.91,     +61.2
 70, 1669.082759,  964.132414,   296.565000,    +10.613333,  +2.72,    -7.53,  1668.96,  965.22,   296.561138,    +10.666866,     3.22,    1.10,     +96.7
 71, 1812.343883, 1085.488823,   309.387500,    +14.595278,  +3.63,    -5.83,  1811.38, 1086.05,   309.413385,    +14.673801,     4.95,    1.11,    +149.8
 72, 1156.284012, 1610.198173,   245.997917,    +61.514167,  +2.74,    -7.44,  1157.18, 1609.68,   245.913676,    +61.514488,     2.41,    1.03,     -30.2
 73, 1237.699091, 1638.194007,   257.196667,    +65.714722,  +3.17,    -6.76,  1237.64, 1638.24,   257.161619,    +65.717871,     0.89,    0.08,    +141.3
 74, 1053.738466, 1632.544083,   231.232500,    +58.966111,  +3.29,    -6.13,  1054.34, 1632.23,   231.311749,    +58.982389,     2.64,    0.68,     -27.8
 75, 2176.589215, 1829.176051,     9.832083,    +30.860833,  +3.27,    -6.09,  2177.06, 1828.56,     9.789457,    +30.857053,     2.21,    0.78,     -52.7
 76,  672.010351, 1314.059519,   221.246667,    +27.074167,  +2.70,    -6.47,   671.00, 1313.70,   221.208767,    +27.063891,     2.12,    1.08,    -160.6
